branch3
bs
fibcall
fir
insertsort
minmax
ns
qurt
select
simple
branch3
0.045505
bs
0.057069
fibcall
0.042312
fir
0.096034
insertsort
0.060395
minmax
0.090533
ns
0.088522
qurt
0.989580
select
0.140625
simple
0.011171
branch3
bs
fibcall
fir
insertsort
minmax
ns
qurt
select
simple
0.046211
0.045906
0.046161
0.046048
0.046215
0.045787
0.047572
0.049636
0.046429
0.046539
0.059448
0.057022
0.059548
0.058826
0.058777
0.059036
0.056506
0.057357
0.057545
0.059262
0.043299
0.041532
0.041882
0.043477
0.042408
0.043647
0.044383
0.042565
0.041891
0.041841
0.098470
0.101519
0.097094
0.096937
0.100542
0.098270
0.098494
0.100861
0.101299
0.097761
0.062081
0.060685
0.060289
0.063595
0.065075
0.065494
0.073916
0.060006
0.059558
0.061375
0.090873
0.090520
0.091248
0.091823
0.090599
0.094409
0.089960
0.090386
0.090377
0.092213
0.090308
0.091887
0.089796
0.092214
0.090576
0.090719
0.089344
0.091690
0.088749
0.088190
0.991966
1.004242
0.993352
1.007234
0.992979
1.016024
0.993794
0.995165
0.998081
0.992252
0.145451
0.145750
0.145021
0.144220
0.143065
0.140967
0.142652
0.147337
0.141119
0.144728
0.010432
0.010843
0.011289
0.011279
0.011293
0.011288
0.011149
0.010609
0.012095
0.012254
