branch3
bs
fibcall
fir
insertsort
minmax
ns
qurt
select
simple
3557
4654
14461
93441
50046
4774
124681
133245
132736
896
branch3
bs
fibcall
fir
insertsort
minmax
ns
qurt
select
simple
3557
3557
3557
3557
4654
3557
3557
14461
3557
3557
93441
3557
3557
50046
3557
3557
4774
3557
3557
124681
3557
3557
133245
3557
3557
132736
3557
3557
896
3557
4654
3557
4654
4654
4654
4654
4654
14461
4654
4654
93441
4654
4654
50046
4654
4654
4774
4654
4654
124681
4654
4654
133245
4654
4654
132736
4654
4654
896
4654
14461
3557
14461
14461
4654
14461
14461
14461
14461
14461
93441
14461
14461
50046
14461
14461
4774
14461
14461
124681
14461
14461
133245
14461
14461
132736
14461
14461
896
14461
93441
3557
93441
93441
4654
93441
93441
14461
93441
93441
93441
93441
93441
50046
93441
93441
4774
93441
93441
124681
93441
93441
133245
93441
93441
132736
93441
93441
896
93441
50046
3557
50046
50046
4654
50046
50046
14461
50046
50046
93441
50046
50046
50046
50046
50046
4774
50046
50046
124681
50046
50046
133245
50046
50046
132736
50046
50046
896
50046
4774
3557
4774
4774
4654
4774
4774
14461
4774
4774
93441
4774
4774
50046
4774
4774
4774
4774
4774
124681
4774
4774
133245
4774
4774
132736
4774
4774
896
4774
124681
3557
124681
124681
4654
124681
124681
14461
124681
124681
93441
124681
124681
50046
124681
124681
4774
124681
124681
124681
124681
124681
133245
124681
124681
132736
124681
124681
896
124681
133245
3557
133245
133245
4654
133245
133245
14461
133245
133245
93441
133245
133245
50046
133245
133245
4774
133245
133245
124681
133245
133245
133245
133245
133245
132736
133245
133245
896
133245
132736
3557
132736
132736
4654
132736
132736
14461
132736
132736
93441
132736
132736
50046
132736
132736
4774
132736
132736
124681
132736
132736
133245
132736
132736
132736
132736
132736
896
132736
896
3557
896
896
4654
896
896
14461
896
896
93441
896
896
50046
896
896
4774
896
896
124681
896
896
133245
896
896
132736
896
896
896
896
